mode=solve
operator=low_order
nx=80
ny=40
nz=24
dof=230400
ranks=4
assembly_time_sec=2.918080500000e-02
solve_time_sec=3.770681400000e-01
ksp_iterations=18
ksp_residual=3.208346671558e-05
compliance=6.353231958610e-01
max_current_memory_bytes=100605952
max_peak_memory_bytes=100343808
